分型号	症状编号	分组号	阈值	最低阈值	方药
101	"1101*2,1108,3103,3706,10001,5302,4204,4416,1402,1702,1111。"	11001	0.6	0.3	陈皮20、柴胡18，川芎15、香附20、枳壳12、白芍12，炙甘草6g 漏芦15 荔枝核12 橘络10 蒲公英12
102	"1101*2,1108,3103,3104,3105,3706,3810,5302,4416,1502,1303。"	11001	0.6	0.3	陈皮20、柴胡18，川芎15、香附20、枳壳12、白芍12，炙甘草6g 漏芦15 荔枝核12 橘络10 蒲公英12 川楝子8
103	"1101,1108,1109*2,3104,3707,1303,4205,4111,4416,1402,1502。"	11001	0.6	0.3	陈皮20、柴胡18，川芎15、香附20、枳壳12、白芍12，炙甘草6g 漏芦15 荔枝核15 橘络12 蒲公英15 茵陈10  
104	"1101,1108,3706,3810,5302,4204,1702,1111,1510,1502,3310,5303。"	11001	0.6	0.3	陈皮20、柴胡18，川芎15、香附20、枳壳12、白芍12，炙甘草6g 漏芦15 荔枝核12 橘络10 蒲公英12 生艾叶10 乌药10
105	"1101,1108,1109,1110*2,3304,10001,3104,4111,3707,1502,1303。"	11001	0.6	0.3	陈皮20、柴胡18，川芎15、香附20、枳壳12、白芍12，炙甘草6g 漏芦15 荔枝核15 橘络15 蒲公英15 栀子8 牡丹皮15
106	"1101,1108,3103,3706,1302,1102,4204,10001,5302,1402,1111,1510。"	11001	0.6	0.3	陈皮20、柴胡18，川芎15、香附20、枳壳12、白芍12，炙甘草6g 漏芦15 荔枝核12 橘络10 蒲公英12
201	"1113*2,1302,1102*2,1106，4105,1505*2,4203,4415,1502。"	11002	0.6	0.3	五灵脂10、当归12、川芎12、桃仁20、丹皮12、赤芍12、乌药8、元胡15、炙甘草6、香附15、红花8、枳壳12、王不留行15、漏芦15
202	"1113*2,1302，1102*2,4105,4204,4416,1510，3502,3706,1510。"	11002	0.6	0.3	五灵脂10、当归12、川芎12、桃仁15、丹皮12、赤芍12、乌药8、元胡15、炙甘草6、香附15、红花8、枳壳12、香附20、漏芦15、川楝子10
203	"1113*2，1302,1102*2,4105,4203*2,3213,3103,1106。"	11002	0.6	0.3	五灵脂10、当归15、川芎12、桃仁15、丹皮15、赤芍12、乌药8、元胡10、炙甘草6、香附15、红花8、枳壳12、川楝子10、酒大黄6、漏芦15
204	"1113*2，1302,1102,4105,1505，4203,4417,3213,1402,1111,3305。"	11002	0.6	0.3	五灵脂10、当归12、川芎12、桃仁20、炒白芍15、乌药10、元胡15、炙甘草6、香附15、红花8、枳壳12、王不留行15、漏芦15、生艾叶10
205	"1113,1302,1102,4105,1505,4205,4203,4111,1110,3304,3707,10001。"	11002	0.6	0.3	五灵脂10、当归12、川芎15、桃仁15、丹皮15、赤芍15、乌药6、元胡15、炙甘草6、香附15、红花8、枳壳12、王不留行15、漏芦15、酒大黄6
301	"1302,1101,1110,3304,3104,3502,3503,3904,3805,4205,1602,4104。"	11003	0.6	0.3	牡丹皮12、栀子8、柴胡20、炒白芍15、当归15、炒白术12、茯苓15、薄荷后下8、炙甘草6、生牡蛎先煎15、川楝子8
302	"1302,1101,1110,3103,3502,4108*2,3805,1509,3113,1602*2。"	11003	0.6	0.3	牡丹皮12、栀子8、柴胡20、炒白芍15、当归15、炒白术12、茯苓15、薄荷后下8、炙甘草6、生牡蛎先煎15、川楝子8、地龙3、酒大黄5
303	"1302,1101,1110,3103,3304,3502,3104,3805,4104,4416,1504,1509。"	11003	0.6	0.3	牡丹皮12、栀子8、柴胡20、炒白芍15、当归15、炒白术12、茯苓15、薄荷后下8、炙甘草6、生牡蛎先煎15、川楝子10、郁金10、苏子10
304	"1302,1101,1110,3502,4203,4205,1504,1509,3113,1602,2107,2102。"	11003	0.6	0.3	牡丹皮12、栀子8、柴胡20、炒白芍15、当归15、炒白术12、茯苓15、薄荷后下8、炙甘草6、生牡蛎先煎15、川楝子8、苍术10、茵陈10
305	"1302,1101,1110,3103,3503,3904,3805,4205,4104,5103,5108,1602。"	11003	0.6	0.3	牡丹皮12、栀子8、柴胡20、炒白芍15、当归15、炒白术12、茯苓15、薄荷后下8、炙甘草6、生牡蛎先煎15、川楝子8、麦冬12、黄菊花10
306	"1101,1110,3304,3104,3810,4205,4105,3112,5102,5106,5108,3111。"	11003	0.6	0.3	陈皮(20、柴胡20，川芎15、香附15、枳壳12、炒白芍15，炙甘草6、黄芩12、黄连5、黄柏8、栀子10
401	"1101,1107,1112,1105,5307,5504,5103,5111,3703,5109,1603,4104,3605。"	11004	0.6	0.3	炙甘草10， 当归15、茯苓15、苍术10、炒白术12、柴胡15、仙茅10、仙灵脾12、巴戟天10，黄柏8、知母15、竹叶10
402	"1101,5307,5504,5109,5103,5111,3503,3309,3304,3703,4104,3605,1502。"	11004	0.6	0.3	炙甘草10， 当归15、茯苓15、苍术10、炒白术12、柴胡15、仙茅10、仙灵脾12、巴戟天10，黄柏8、知母15、竹叶10、生牡蛎先煎15、生龙骨先煎15、桂枝12
403	"1101,1112,1502,1503,1508,3105,3106,3103,5109,1403,1402,3703。"	11004	0.6	0.3	炙甘草10， 当归15、茯苓15、苍术10、炒白术15、柴胡15、仙茅10、仙灵脾12、巴戟天10，熟地15、山芋肉10、菟丝子10
404	"1101,1107,5307,5504,5108,5103,3503,3309,1502,1503,1508,4407,3110。"	11004	0.6	0.3	炙甘草10， 当归20、茯苓15、苍术10、炒白术12、柴胡15、仙茅12、仙灵脾15、巴戟天10，黄柏8、知母15、竹叶10、远志10
405	"1101,1107,1112,1105,5111,4208,1403,1402,3703,1502,1503,1508。"	11004	0.6	0.3	炙甘草10， 当归25、茯苓15、苍术10、炒白术12、柴胡15、仙茅10、仙灵脾12、巴戟天10，黄柏8、知母15、竹叶10、地龙3
501	"1101,5205,5304,5108,3103,3402,3404,5107,10001,3707,4203,4416。"	11005	0.6	0.3	龙胆草3，黄芩9，泽泻12，当归15g，生地15，柴胡15，炙甘草6、桂枝15、白芍12、黄芪15、炒白术10、升麻6
502	"1101,5205,3402,3404,3204,3108,3810,1507,4109,4204,4403。"	11005	0.6	0.3	炒白术15、当归15、茯苓15、炙黄芪20、龙眼肉10、远志10、酸枣仁10、党参10，木香20，柴胡15，炙甘草6
503	"1101,5205,5304,5207,10002,3706,5202,3402,3404,10001,3810,4109。"	11005	0.6	0.3	陈皮20、柴胡15，川芎15、香附20、枳壳12、白芍12，炙甘草6 漏芦10 党参10 麦冬10
